7.25470629645799e-06
-2.27521499105061e-06
-1.25678352378385e-07
0.0163932708133844
0.0189091181958514
4.24112571339776e-05
0.0190149617551291
-0.00661220975976628
-0.00118768477813617
0.0117722782516113
-0.0123518736907278
1.02655392368618e-06
0.0113684003331809
-0.0127648015537233
-3.8682414149019e-05
-0.00331252997539529
-0.0122619529669942
-0.000175637163169804
-0.00763183710987736
0.00052344747922398
0.000168587492711929
-0.0138902309199243
3.99760689702198e-06
5.89551831184985e-05
0.000322920945971665
0.00553081150780822
-0.000108858629237828
0.00320017554219909
0.00679321097216717
-0.001046372343933
-0.00332021148573568
0.00196994925658974
5.02661964804393e-05
5.1824249487135e-06
0.00315721332042006
-6.5430307868283e-05
