-0.00483133499478513
-0.00527297617557687
0.00016428087947363
0.258792259537027
-0.335448104183717
-0.0509980824187281
-0.23891238890576
-0.692204145590273
0.00423360752838218
-0.725235517478128
-0.710999652086636
0.000208519079820269
-0.727213694935046
-0.709302392883573
0.000348543622149749
-1.60458248995629
0.45163184461648
0.0489692626731236
0.111359175223993
5.11816928427233
-0.0237178719488836
0.110747678935175
5.12529635015518
-0.0234546705610003
9.51988400053585
-1.08704034077836
-0.360136045170545
9.52350745284997
-1.09353539108877
-0.357147112077194
10.6894960950013
16.3388177557454
-0.077802412763014
29.8774046145246
-0.247583412915477
-0.683456978636725
